Datum,Fälle_gesamt,Fälle_Zuwachs,Tote_v1,Tote_v1_Zuwachs,Genesene,Genesene_Zuwachs,Hospitalisiert,Intensivstation,IBett_frei,HBett_frei
2020-02-26T00:00:00,1,1,0,0,0,0,0,0,0,0
2020-02-27T00:00:00,3,2,0,0,0,0,0,0,0,0
2020-02-28T00:00:00,7,4,0,0,0,0,0,0,0,0
2020-02-29T00:00:00,8,1,0,0,0,0,0,0,0,0
2020-03-01T00:00:00,12,4,0,0,0,0,0,0,0,0
2020-03-02T00:00:00,17,5,0,0,0,0,0,0,0,0
2020-03-03T00:00:00,23,6,0,0,0,0,0,0,0,0
2020-03-04T00:00:00,37,14,0,0,0,0,0,0,0,0
2020-03-05T00:00:00,46,9,0,0,2,2,0,0,0,0
2020-03-06T00:00:00,75,29,0,0,2,0,0,0,0,0
2020-03-07T00:00:00,98,23,0,0,2,0,0,0,0,0
2020-03-08T00:00:00,126,28,0,0,2,0,0,0,0,0
2020-03-09T00:00:00,148,22,0,0,2,0,0,0,0,0
2020-03-10T00:00:00,203,55,0,0,4,2,0,0,0,0
2020-03-11T00:00:00,311,108,0,0,6,2,0,0,0,0
2020-03-12T00:00:00,410,99,1,1,9,3,0,0,0,0
2020-03-13T00:00:00,591,181,1,0,9,0,0,0,0,0
2020-03-14T00:00:00,802,211,2,1,11,2,0,0,0,0
2020-03-15T00:00:00,1000,198,3,1,15,4,0,0,0,0
2020-03-16T00:00:00,1224,224,5,2,27,12,0,0,0,0
2020-03-17T00:00:00,1567,343,7,2,29,2,0,0,0,0
2020-03-18T00:00:00,1942,375,12,5,31,2,0,0,0,0
2020-03-19T00:00:00,2397,455,15,3,35,4,0,0,0,0
2020-03-20T00:00:00,2908,511,20,5,48,13,0,0,0,0
2020-03-21T00:00:00,3451,543,26,6,60,12,0,0,0,0
2020-03-22T00:00:00,4068,617,34,8,80,20,0,0,0,0
2020-03-23T00:00:00,4759,691,46,12,137,57,0,0,0,0
2020-03-24T00:00:00,5485,726,56,10,226,89,0,0,0,0
2020-03-25T00:00:00,6239,754,65,9,320,94,0,0,0,0
2020-03-26T00:00:00,7289,1050,81,16,479,159,0,0,0,0
2020-03-27T00:00:00,8068,779,101,20,698,219,0,0,0,0
2020-03-28T00:00:00,8662,594,120,19,888,190,0,0,0,0
2020-03-29T00:00:00,9198,536,134,14,1142,254,0,0,0,0
2020-03-30T00:00:00,9912,714,155,21,1511,369,0,0,0,0
2020-03-31T00:00:00,10477,565,173,18,1877,366,0,0,0,0
2020-04-01T00:00:00,11022,545,184,11,2215,338,856,215,828,14713
2020-04-02T00:00:00,11459,437,204,20,2597,382,823,219,747,15131
2020-04-03T00:00:00,11857,398,222,18,3066,469,829,245,695,15079
2020-04-04T00:00:00,12115,258,243,21,3609,543,826,245,724,15276
2020-04-05T00:00:00,12312,197,265,22,3953,344,712,244,768,15740
2020-04-06T00:00:00,12617,305,296,31,4693,740,824,250,775,16011
2020-04-07T00:00:00,12910,293,325,29,5227,534,857,243,937,18936
2020-04-08T00:00:00,13200,290,342,17,5850,623,829,267,988,18557
2020-04-09T00:00:00,13477,277,364,22,6459,609,820,266,1008,18400
2020-04-10T00:00:00,13834,357,387,23,7097,638,771,261,987,18518
2020-04-11T00:00:00,14035,201,404,17,7501,404,790,245,870,18914
2020-04-12T00:00:00,14150,115,416,12,7817,316,792,243,880,18740
2020-04-13T00:00:00,14236,86,437,21,8131,314,742,239,988,19386
2020-04-14T00:00:00,14386,150,450,13,8692,561,759,243,982,19048
2020-04-15T00:00:00,14515,129,465,15,9183,491,769,232,930,18393
2020-04-16T00:00:00,14627,112,487,22,9637,454,729,238,913,17777
2020-04-17T00:00:00,14728,101,500,13,10067,430,682,227,968,17544
2020-04-18T00:00:00,14788,60,517,17,10319,252,647,208,951,17965
2020-04-19T00:00:00,14835,47,533,16,10484,165,613,204,1037,18221
2020-04-20T00:00:00,14903,68,542,9,10870,386,611,194,957,18083
2020-04-21T00:00:00,14974,71,560,18,11299,429,560,196,985,16629
2020-04-22T00:00:00,15049,75,572,12,11556,257,524,176,1075,15974
2020-04-23T00:00:00,15109,60,578,6,11806,250,508,169,985,15817
2020-04-24T00:00:00,15188,79,585,7,12072,266,495,156,1057,15868
2020-04-25T00:00:00,15250,62,599,14,12206,134,460,148,1052,16334
2020-04-26T00:00:00,15284,34,608,9,12311,105,449,145,1072,16641
2020-04-27T00:00:00,15354,70,612,4,12518,207,439,140,1073,16663
2020-04-28T00:00:00,15404,50,624,12,12682,164,425,136,1055,16064
2020-04-29T00:00:00,15465,61,630,6,12858,176,386,131,1018,15258
2020-04-30T00:00:00,15519,54,636,6,13059,201,372,128,1012,15081
2020-05-01T00:00:00,15556,37,639,3,13170,111,348,124,1008,16203
2020-05-02T00:00:00,15584,28,641,2,13249,79,314,114,1046,16814
2020-05-03T00:00:00,15595,11,646,5,13309,60,308,114,1055,17092
2020-05-04T00:00:00,15625,30,649,3,13460,151,309,111,1056,16979
2020-05-05T00:00:00,15680,55,652,3,13584,124,314,104,1042,15640
2020-05-06T00:00:00,15726,46,656,4,13703,119,321,97,1004,14287
2020-05-07T00:00:00,15763,37,658,2,13822,119,268,92,1010,14065
2020-05-08T00:00:00,15814,51,663,5,13989,167,258,81,999,13870
2020-05-09T00:00:00,15845,31,667,4,14062,73,230,79,1027,14553
2020-05-10T00:00:00,15859,14,669,2,14119,57,219,72,1035,15360
2020-05-11T00:00:00,15926,67,671,2,14211,92,211,68,1052,15555
2020-05-12T00:00:00,15963,37,672,1,14300,89,205,59,1017,14564
2020-05-13T00:00:00,16015,52,673,1,14379,79,188,55,979,13498
2020-05-14T00:00:00,16068,53,676,3,14453,74,180,54,976,13068
2020-05-15T00:00:00,16152,84,676,0,14526,73,165,47,966,12918
2020-05-16T00:00:00,16167,15,677,1,14579,53,158,50,850,12579
2020-05-17T00:00:00,16193,26,678,1,14606,27,149,48,890,13482
2020-05-18T00:00:00,16252,59,680,2,14658,52,151,45,913,13663
2020-05-19T00:00:00,16313,61,681,1,14729,71,143,39,880,12532
2020-05-20T00:00:00,16343,30,684,3,14780,51,137,37,881,11481
2020-05-21T00:00:00,16374,31,686,2,14838,58,156,32,869,11958
2020-05-22T00:00:00,16403,29,689,3,14888,50,128,31,877,12306
2020-05-23T00:00:00,16427,24,690,1,14934,46,116,28,899,13124
2020-05-24T00:00:00,16458,31,690,0,14973,39,108,29,905,13367
2020-05-25T00:00:00,16483,25,691,1,15032,59,108,31,920,13486
2020-05-26T00:00:00,16505,22,693,2,15121,89,95,32,883,12140
2020-05-27T00:00:00,16555,50,693,0,15196,75,84,32,875,10901
2020-05-28T00:00:00,16574,19,693,0,15277,81,77,30,853,10547
2020-05-29T00:00:00,16616,42,694,1,15333,56,78,25,844,10486
2020-05-30T00:00:00,16648,32,694,0,15370,37,75,23,823,10298
2020-05-31T00:00:00,16653,5,694,0,15405,35,70,27,834,10828
2020-06-01T00:00:00,16672,19,695,1,15439,34,68,29,847,12000
2020-06-02T00:00:00,16688,16,695,0,15498,59,62,26,833,12854
2020-06-03T00:00:00,16740,52,698,3,15535,37,66,21,839,10892
2020-06-04T00:00:00,16757,17,700,2,15583,48,65,22,769,9415
2020-06-05T00:00:00,16824,67,701,1,15610,27,55,20,780,8674
2020-06-06T00:00:00,16855,31,701,0,15634,24,55,17,796,8948
2020-06-07T00:00:00,16880,25,701,0,15661,27,52,17,799,9489
2020-06-08T00:00:00,16904,24,701,0,15715,54,65,17,807,11014
2020-06-09T00:00:00,16919,15,703,2,15743,28,65,19,823,9938
2020-06-10T00:00:00,16953,34,705,2,15779,36,63,17,748,8317
2020-06-11T00:00:00,16975,22,705,0,15810,31,67,14,731,8200
2020-06-12T00:00:00,17012,37,705,0,15836,26,60,9,748,8916
2020-06-13T00:00:00,17034,22,706,1,15862,26,62,10,857,10042
2020-06-14T00:00:00,17052,18,709,3,15878,16,57,12,839,10236
2020-06-15T00:00:00,17105,53,714,5,15911,33,64,15,833,10997
2020-06-16T00:00:00,17124,19,716,2,15932,21,66,12,833,9834
2020-06-17T00:00:00,17155,31,717,1,15970,38,60,11,806,8461
2020-06-18T00:00:00,17187,32,717,0,16001,31,64,8,751,7876
2020-06-19T00:00:00,17239,52,718,1,16036,35,68,7,750,7607
2020-06-20T00:00:00,17271,32,720,2,16071,35,66,8,792,8052
2020-06-21T00:00:00,17300,29,721,1,16084,13,61,8,792,8933
2020-06-22T00:00:00,17331,31,722,1,16123,39,59,10,810,10383
2020-06-23T00:00:00,17374,43,724,2,16159,36,57,11,834,9288
2020-06-24T00:00:00,17409,35,726,2,16182,23,59,11,770,7739
2020-06-25T00:00:00,17453,44,727,1,16214,32,60,11,732,7291
2020-06-26T00:00:00,17527,74,727,0,16239,25,60,10,698,7451
2020-06-27T00:00:00,17572,45,729,2,16270,31,61,10,726,7843
2020-06-28T00:00:00,17635,63,730,1,16292,22,62,9,728,8782
2020-06-29T00:00:00,17684,49,731,1,16328,36,66,8,767,10415
2020-06-30T00:00:00,17786,102,731,0,16360,32,58,6,722,8969
2020-07-01T00:00:00,17881,95,731,0,16391,31,65,9,746,7886
2020-07-02T00:00:00,17961,80,731,0,16435,44,62,7,716,7274
2020-07-03T00:00:00,18095,134,732,1,16480,45,65,7,698,7269
2020-07-04T00:00:00,18200,105,732,0,16504,24,60,8,694,7622
2020-07-05T00:00:00,18276,76,732,0,16535,31,62,10,705,8522
2020-07-06T00:00:00,18345,69,732,0,16573,38,67,11,735,10109
2020-07-07T00:00:00,18436,91,732,0,16619,46,81,10,727,8986
2020-07-08T00:00:00,18553,117,732,0,16666,47,66,11,696,7689
2020-07-09T00:00:00,18626,73,732,0,16718,52,66,12,671,7160
2020-07-10T00:00:00,18730,104,732,0,16778,60,71,9,693,7234
2020-07-11T00:00:00,18821,91,734,2,16833,55,68,9,691,7730
2020-07-12T00:00:00,18873,52,735,1,16879,46,73,10,716,8449
2020-07-13T00:00:00,18971,98,736,1,16963,84,74,8,703,10106
2020-07-14T00:00:00,19091,120,736,0,17077,114,74,9,744,9071
2020-07-15T00:00:00,19224,133,737,1,17158,81,86,10,716,7769
2020-07-16T00:00:00,19365,141,737,0,17269,111,83,11,715,7221
2020-07-17T00:00:00,19490,125,737,0,17415,146,88,11,729,7138
2020-07-18T00:00:00,19571,81,737,0,17477,62,87,11,759,7588
2020-07-19T00:00:00,19658,87,737,0,17532,55,85,14,775,8273
2020-07-20T00:00:00,19745,87,739,2,17635,103,96,16,785,9750
2020-07-21T00:00:00,19885,140,739,0,17764,129,96,18,772,8752
2020-07-22T00:00:00,20047,162,739,0,17853,89,93,18,753,7452
2020-07-23T00:00:00,20164,117,740,1,17944,91,87,15,740,7143
2020-07-24T00:00:00,20319,155,740,0,18049,105,86,17,747,7029
2020-07-25T00:00:00,20431,112,741,1,18133,84,85,16,748,7447
2020-07-26T00:00:00,20534,103,741,0,18195,62,82,15,785,8356
2020-07-27T00:00:00,20629,95,744,3,18350,155,79,16,785,10662
2020-07-28T00:00:00,20783,154,744,0,18498,148,74,15,764,9384
2020-07-29T00:00:00,20886,103,745,1,18617,119,74,20,746,7559
2020-07-30T00:00:00,21075,189,745,0,18738,121,87,18,716,7265
2020-07-31T00:00:00,21196,121,745,0,18872,134,84,16,737,7342
2020-08-01T00:00:00,21258,62,745,0,18967,95,70,19,752,7878
2020-08-02T00:00:00,21328,70,746,1,19059,92,73,20,742,8594
2020-08-03T00:00:00,21424,96,746,0,19242,183,92,21,794,10247
2020-08-04T00:00:00,21506,82,746,0,19404,162,84,23,799,8985
2020-08-05T00:00:00,21664,158,747,1,19558,154,90,25,718,7925
2020-08-06T00:00:00,21784,120,748,1,19683,125,92,25,747,7309
2020-08-07T00:00:00,21875,91,749,1,19820,137,93,25,741,7350
2020-08-08T00:00:00,21980,105,750,1,19911,91,96,24,766,7656
2020-08-09T00:00:00,22051,71,750,0,19981,70,99,22,790,8411
2020-08-10T00:00:00,22209,158,750,0,20121,140,92,24,811,9941
2020-08-11T00:00:00,22395,186,752,2,20219,98,94,25,782,9091
2020-08-12T00:00:00,22587,192,753,1,20356,137,93,25,737,7792
2020-08-13T00:00:00,22839,252,755,2,20453,97,92,22,746,7437
2020-08-14T00:00:00,23188,349,756,1,20563,110,91,19,742,7277
2020-08-15T00:00:00,23346,158,756,0,20644,81,83,21,748,7603
2020-08-16T00:00:00,23513,167,756,0,20720,76,65,19,752,8469
2020-08-17T00:00:00,23770,257,756,0,20831,111,91,23,766,9932
2020-08-18T00:00:00,24017,247,756,0,20978,147,97,19,786,7812
2020-08-19T00:00:00,24367,350,757,1,21109,131,101,20,750,7613
2020-08-20T00:00:00,24699,332,757,0,21253,144,95,21,729,7269
2020-08-21T00:00:00,24999,300,758,1,21460,207,90,22,727,7373
2020-08-22T00:00:00,25225,226,758,0,21607,147,94,22,734,7758
2020-08-23T00:00:00,25415,190,758,0,21764,157,93,23,728,8558
2020-08-24T00:00:00,25655,240,759,1,21967,203,112,23,779,10465
2020-08-25T00:00:00,25954,299,759,0,22195,228,114,23,757,8931
2020-08-26T00:00:00,26274,320,759,0,22416,221,118,23,752,7634
2020-08-27T00:00:00,26499,225,759,0,22678,262,121,24,730,7253
2020-08-28T00:00:00,26890,391,759,0,23019,341,119,27,728,7123
2020-08-29T00:00:00,27123,233,759,0,23197,178,114,30,736,7324
2020-08-30T00:00:00,27346,223,759,0,23405,208,110,30,741,8176
2020-08-31T00:00:00,27567,221,760,1,23643,238,123,31,741,9757
2020-09-01T00:00:00,27850,283,760,0,23859,216,119,30,735,9049
2020-09-02T00:00:00,28282,432,760,0,24119,260,127,30,728,7995
2020-09-03T00:00:00,28651,369,760,0,24434,315,132,29,719,7837
2020-09-04T00:00:00,29032,381,762,2,24810,376,128,28,658,7493
2020-09-05T00:00:00,29248,216,762,0,25030,220,129,28,691,7811
2020-09-06T00:00:00,29617,369,762,0,25198,168,115,28,695,8445
2020-09-07T00:00:00,30014,397,762,0,25513,315,134,29,689,10215
2020-09-08T00:00:00,30565,551,763,1,25825,312,142,28,699,9097
2020-09-09T00:00:00,31258,693,763,0,26085,260,161,36,684,7909
2020-09-10T00:00:00,31858,600,767,4,26308,223,166,39,671,7237
2020-09-11T00:00:00,32788,930,771,4,26686,378,163,41,668,7213
2020-09-12T00:00:00,33201,413,773,2,26918,232,167,42,675,7608
2020-09-13T00:00:00,33617,416,773,0,27183,265,182,44,678,8433
2020-09-14T00:00:00,34438,821,774,1,27465,282,208,47,730,10004
2020-09-15T00:00:00,35158,720,774,0,27833,368,244,49,727,8631
2020-09-16T00:00:00,36013,855,778,4,28171,338,267,54,654,7216
2020-09-17T00:00:00,36816,803,781,3,28584,413,264,55,712,6835
2020-09-18T00:00:00,37692,876,784,3,29072,488,272,62,714,6722
2020-09-19T00:00:00,38358,666,784,0,29415,343,265,84,697,7271
2020-09-20T00:00:00,38827,469,788,4,29786,371,273,68,710,8005
2020-09-21T00:00:00,39407,580,791,3,30465,679,297,67,714,9436
2020-09-22T00:00:00,40127,720,794,3,31096,631,315,75,669,8406
2020-09-23T00:00:00,40933,806,799,5,31748,652,336,77,627,7253
2020-09-24T00:00:00,41593,660,802,3,32339,591,344,78,641,6749
2020-09-25T00:00:00,42355,762,805,3,33196,857,333,78,656,6254
2020-09-26T00:00:00,42941,586,808,3,33774,578,343,80,653,7037
2020-09-27T00:00:00,43490,549,812,4,34194,420,362,84,656,7800
2020-09-28T00:00:00,44220,730,813,1,34998,804,381,88,675,9488
2020-09-29T00:00:00,44963,743,818,5,35741,743,401,90,648,8354
2020-09-30T00:00:00,45818,855,819,1,36458,717,406,90,640,7221
2020-10-01T00:00:00,46608,790,825,6,37099,641,395,98,650,7061
2020-10-02T00:00:00,47626,1018,830,5,37948,849,372,100,630,6661
2020-10-03T00:00:00,48341,715,834,4,38525,577,397,97,673,7184
2020-10-04T00:00:00,49073,732,842,8,38954,429,373,103,674,7879
2020-10-05T00:00:00,49998,925,849,7,39535,581,387,101,734,9569
2020-10-06T00:00:00,51082,1084,856,7,40197,662,397,101,726,8356
2020-10-07T00:00:00,52351,1269,861,5,40909,712,425,100,621,7087
2020-10-08T00:00:00,53461,1110,868,7,41604,695,399,107,665,6788
2020-10-09T00:00:00,54707,1246,873,5,42356,752,405,103,627,6627
2020-10-10T00:00:00,55718,1011,879,6,43010,654,410,99,700,6849
2020-10-11T00:00:00,56549,831,888,9,43557,547,431,96,723,7750
2020-10-12T00:00:00,57687,1138,896,8,44327,770,464,97,713,9510
2020-10-13T00:00:00,58983,1296,899,3,45051,724,504,107,699,8483
2020-10-14T00:00:00,60418,1435,902,3,45618,567,542,112,682,7104
2020-10-15T00:00:00,61913,1495,907,5,46149,531,545,119,705,6483
2020-10-16T00:00:00,63660,1747,915,8,46889,740,584,122,709,6434
2020-10-17T00:00:00,65095,1435,928,13,47450,561,594,130,708,7202
2020-10-18T00:00:00,66296,1201,935,7,47885,435,607,135,694,8533
2020-10-19T00:00:00,67862,1566,946,11,48594,709,654,145,687,9177
2020-10-20T00:00:00,69843,1981,955,9,49407,813,744,145,693,8207
2020-10-21T00:00:00,72474,2631,971,16,50149,742,813,147,641,6869
2020-10-22T00:00:00,75681,3207,986,15,51012,863,841,161,627,6800
2020-10-23T00:00:00,79022,3341,994,8,51973,961,900,158,628,6579
2020-10-24T00:00:00,81981,2959,1002,8,52809,836,1002,175,637,7558
2020-10-25T00:00:00,84406,2425,1019,17,53600,791,1051,174,663,8783
2020-10-26T00:00:00,87136,2730,1041,22,54419,819,1142,188,651,10044
2020-10-27T00:00:00,91492,4356,1059,18,55477,1058,1197,203,651,10110
2020-10-28T00:00:00,95950,4458,1076,17,56483,1006,1345,224,629,9217
2020-10-29T00:00:00,100950,5000,1097,21,57637,1154,1444,248,626,8022
2020-10-30T00:00:00,106544,5594,1119,22,59266,1629,1540,263,626,7662
2020-10-31T00:00:00,111196,4652,1144,25,60655,1389,1602,265,655,8678
2020-11-01T00:00:00,115286,4090,1164,20,61952,1297,1657,291,653,9886
2020-11-02T00:00:00,120081,4795,1186,22,63534,1582,1825,336,630,10381
2020-11-03T00:00:00,125229,5148,1204,18,64853,1319,2065,366,605,9855
